;mass A;
t;v;
0,000;
0,033;0,114
0,067;0,113
0,100;0,115
0,133;0,115
0,167;0,123
0,200;0,126
0,233;0,120
0,267;0,122
0,300;0,121
0,333;0,123
0,366;0,128
0,400;0,131
0,433;0,138
0,466;0,137
0,500;0,129
0,533;0,133
0,566;0,133
0,600;0,135
0,633;0,134
0,666;0,121
0,700;0,108
0,733;9,339E−2
0,766;7,913E−2
0,800;6,501E−2
0,833;3,902E−2
0,866;3,879E−2
0,899;4,722E−2
0,933;3,103E−2
0,966;3,469E−2
0,999;3,886E−2
1,033;1,578E−2
1,066;1,680E−2
1,099;2,757E−2
1,133;2,912E−2
1,166;3,593E−2
1,199;3,237E−2
1,233;4,255E−2
1,266;4,368E−2
1,299;4,480E−2
1,333;4,924E−2
1,366;4,728E−2
1,399;5,849E−2
1,432;6,978E−2
1,466;7,281E−2
1,499;7,013E−2
1,532;7,545E−2
1,566;7,646E−2
1,599;7,647E−2
1,632;8,681E−2
1,666;8,859E−2
1,699;8,237E−2
1,732;8,405E−2
1,766;8,903E−2
1,799;8,329E−2
1,832;8,231E−2
1,866;8,654E−2
1,899;7,962E−2
1,932;5,974E−2
1,965;5,289E−2
1,999;2,920E−2
2,032;1,570E−2
2,065;4,253E−2
2,099;5,119E−2
2,132;6,038E−2
2,165;6,209E−2
2,199;5,469E−2
2,232;4,688E−2
2,265;4,949E−2
2,299;3,803E−2
2,332;2,223E−2
2,365;2,391E−2
2,399;3,413E−2
2,432;4,349E−2
2,465;4,255E−2
2,499;5,334E−2
2,532;6,286E−2
2,565;5,752E−2
2,598;5,011E−2
2,632;6,014E−2
2,665;6,805E−2
2,698;7,918E−2
2,732;8,749E−2
2,765;8,559E−2
2,798;8,529E−2
2,832;8,363E−2
2,865;9,395E−2
2,898;9,666E−2
2,932;7,733E−2
2,965;8,395E−2
2,998;9,627E−2
3,032;8,845E−2
3,065;8,457E−2
3,098;9,188E−2
3,131;0,112
3,165;0,121
3,198;0,121
3,231;0,122
3,265;0,118
3,298;0,121
3,331;0,113
3,365;9,579E−2
3,398;0,103
3,431;0,116
3,465;9,964E−2
3,498;8,015E−2
3,531;7,816E−2
3,565;7,652E−2
3,598;8,013E−2
3,631;9,187E−2
3,664;0,101
3,698;0,105
3,731;0,110
3,764;0,110
3,798;0,105
3,831;0,103
3,864;0,101
3,898;9,646E−2
3,931;9,646E−2
3,964;0,108
3,998;0,119
4,031;0,111
4,064;9,400E−2
4,098;8,850E−2
4,131;8,595E−2
4,164;7,428E−2
4,197;6,721E−2
4,231;6,761E−2
4,264;6,122E−2
4,297;5,916E−2
4,331;6,571E−2
4,364;6,960E−2
4,397;7,208E−2
4,431;6,930E−2
4,464;6,585E−2
4,497;6,560E−2
4,531;6,819E−2
4,564;7,362E−2
4,597;7,452E−2
4,631;7,062E−2
4,664;7,103E−2
4,697;7,546E−2
4,731;8,141E−2
4,764;8,046E−2
4,797;8,429E−2
4,830;9,253E−2
4,864;9,331E−2
4,897;9,134E−2
4,930;8,823E−2
4,964;8,548E−2
4,997;8,789E−2
5,030;9,175E−2
5,064;8,427E−2
5,097;8,114E−2
5,130;8,903E−2
5,164;9,265E−2
5,197;9,341E−2
5,230;9,219E−2
5,264;9,002E−2
5,297;9,191E−2
5,330;9,565E−2
5,363;9,796E−2
5,397;9,925E−2
5,430;9,909E−2
5,463;0,101
5,497;0,105
5,530;0,110
5,563;0,116
5,597;0,120
5,630;0,123
5,663;0,120
5,697;0,116
5,730;0,116
5,763;0,116
5,797;0,118
5,830;0,120
5,863;0,120
5,896;0,125
5,930;0,130
5,963;0,133
5,996;0,136
6,030;0,139
6,063;0,140
6,096;0,143
6,130;0,143
6,163;0,138
6,196;0,136
6,230;0,132
6,263;0,130
6,296;0,125
6,330;0,124
6,363;0,128
6,396;0,127
6,430;0,120
6,463;0,112
6,496;0,104
6,529;9,204E−2
6,563;8,270E−2
6,596;8,465E−2
6,629;7,784E−2
6,663;7,122E−2
6,696;7,448E−2
6,729;8,061E−2
6,763;8,429E−2
6,796;8,560E−2
6,829;8,573E−2
6,863;8,759E−2
6,896;9,334E−2
6,929;9,883E−2
6,963;0,105
6,996;0,110
7,029;0,110
7,062;0,111
7,096;0,109
7,129;0,104
7,162;0,109
7,196;0,116
7,229;0,118
7,262;0,113
7,296;0,103
7,329;9,884E−2
7,362;9,961E−2
7,396;0,102
7,429;0,103
7,462;0,100
7,496;0,102
7,529;9,387E−2
7,562;9,296E−2
7,595;9,534E−2
7,629;8,716E−2
7,662;8,539E−2
7,695;8,494E−2
7,729;8,259E−2
7,762;8,304E−2
7,795;7,792E−2
7,829;7,574E−2
7,862;8,242E−2
7,895;8,348E−2
7,929;8,685E−2
7,962;7,824E−2
7,995;7,440E−2
8,029;8,601E−2
8,062;7,606E−2
8,095;6,844E−2
8,128;7,806E−2
8,162;8,158E−2
8,195;8,502E−2
8,228;8,887E−2
8,262;8,603E−2
8,295;8,611E−2
8,328;8,451E−2
8,362;8,339E−2
8,395;8,288E−2
8,428;8,596E−2
8,462;9,206E−2
8,495;9,742E−2
8,528;0,104
8,562;9,529E−2
8,595;8,370E−2
8,628;9,015E−2
8,662;9,108E−2
8,695;9,027E−2
8,728;8,713E−2
8,761;8,161E−2
8,795;8,376E−2
8,828;9,211E−2
8,861;0,102
8,895;0,104
8,928;0,105
8,961;9,975E−2
8,995;9,990E−2
9,028;0,104
9,061;9,054E−2
9,095;8,256E−2
9,128;8,142E−2
9,161;7,047E−2
9,195;5,633E−2
9,228;5,032E−2
9,261;4,904E−2
9,294;4,608E−2
9,328;
