;mass A;
t;v;
0,000;
0,033;6,648E−2
0,067;7,585E−2
0,100;9,355E−2
0,133;5,914E−2
0,167;6,572E−2
0,200;7,793E−2
0,233;6,944E−2
0,267;8,095E−2
0,300;8,237E−2
0,333;8,504E−2
0,366;8,400E−2
0,400;8,585E−2
0,433;8,565E−2
0,466;8,278E−2
0,500;6,804E−2
0,533;7,522E−2
0,566;7,399E−2
0,600;6,966E−2
0,633;5,955E−2
0,666;4,322E−2
0,700;4,949E−2
0,733;6,637E−2
0,766;6,767E−2
0,800;5,865E−2
0,833;6,244E−2
0,866;6,389E−2
0,899;7,948E−2
0,933;6,286E−2
0,966;6,910E−2
0,999;8,254E−2
1,033;7,566E−2
1,066;7,731E−2
1,099;7,574E−2
1,133;8,734E−2
1,166;9,596E−2
1,199;9,085E−2
1,233;8,434E−2
1,266;8,471E−2
1,299;8,809E−2
1,333;9,104E−2
1,366;9,745E−2
1,399;0,112
1,432;0,116
1,466;0,102
1,499;8,394E−2
1,532;7,786E−2
1,566;7,843E−2
1,599;8,461E−2
1,632;8,723E−2
1,666;8,549E−2
1,699;8,743E−2
1,732;7,886E−2
1,766;8,053E−2
1,799;9,254E−2
1,832;9,473E−2
1,866;8,758E−2
1,899;8,889E−2
1,932;9,815E−2
1,965;9,888E−2
1,999;8,973E−2
2,032;8,231E−2
2,065;8,938E−2
2,099;9,378E−2
2,132;8,410E−2
2,165;8,378E−2
2,199;8,329E−2
2,232;8,024E−2
2,265;8,609E−2
2,299;8,514E−2
2,332;8,182E−2
2,365;8,188E−2
2,399;7,584E−2
2,432;7,470E−2
2,465;8,267E−2
2,499;8,048E−2
2,532;8,980E−2
2,565;9,203E−2
2,598;8,994E−2
2,632;9,626E−2
2,665;9,263E−2
2,698;9,398E−2
2,732;8,633E−2
2,765;8,822E−2
2,798;0,102
2,832;9,059E−2
2,865;8,308E−2
2,898;8,463E−2
2,932;8,996E−2
2,965;9,140E−2
2,998;8,979E−2
3,032;9,337E−2
3,065;8,452E−2
3,098;8,156E−2
3,131;8,402E−2
3,165;7,487E−2
3,198;6,575E−2
3,231;7,362E−2
3,265;8,234E−2
3,298;8,353E−2
3,331;9,393E−2
3,365;9,900E−2
3,398;0,105
3,431;0,112
3,465;0,117
3,498;0,120
3,531;0,116
3,565;0,116
3,598;0,116
3,631;0,115
3,664;0,109
3,698;0,106
3,731;9,943E−2
3,764;7,995E−2
3,798;6,511E−2
3,831;6,352E−2
3,864;6,510E−2
3,898;6,548E−2
3,931;6,604E−2
3,964;6,742E−2
3,998;6,910E−2
4,031;7,009E−2
4,064;7,101E−2
4,098;6,955E−2
4,131;6,447E−2
4,164;5,707E−2
4,198;5,742E−2
4,231;5,735E−2
4,264;4,584E−2
4,297;4,132E−2
4,331;3,944E−2
4,364;2,768E−2
4,397;2,030E−2
4,431;1,765E−2
4,464;1,798E−2
4,497;1,600E−2
4,531;1,476E−2
4,564;
