;mass A;
t;v;
0,000;
0,033;0,176
0,067;6,976E−2
0,100;0,220
0,133;9,121E−2
0,167;0,179
0,200;0,163
0,233;0,218
0,267;0,155
0,300;2,542E−2
0,333;5,204E−2
0,366;7,142E−2
0,400;0,118
0,433;0,168
0,466;0,152
0,500;4,884E−2
0,533;4,568E−2
0,566;2,304E−2
0,600;3,010E−2
0,633;4,336E−2
0,666;5,569E−2
0,700;5,771E−2
0,733;6,371E−2
0,766;4,216E−2
0,800;0,123
0,833;8,412E−2
0,866;6,145E−2
0,899;1,874E−2
0,933;8,010E−2
0,966;4,638E−2
0,999;7,310E−2
1,033;8,914E−2
1,066;5,328E−2
1,099;5,498E−2
1,133;6,893E−2
1,166;4,590E−2
1,199;9,075E−2
1,233;9,503E−2
1,266;6,761E−2
1,299;5,168E−2
1,333;0,166
1,366;0,123
1,399;6,658E−2
1,432;8,534E−2
1,466;5,143E−2
1,499;6,684E−2
1,532;8,259E−2
1,566;0,169
1,599;0,134
1,632;0,158
1,666;6,410E−2
1,699;5,824E−2
1,732;5,073E−2
1,766;7,029E−2
1,799;6,469E−2
1,832;8,001E−2
1,866;9,995E−2
1,899;5,902E−2
1,932;4,978E−2
1,965;7,648E−2
1,999;5,805E−2
2,032;7,217E−2
2,065;7,163E−2
2,099;8,353E−2
2,132;8,398E−2
2,165;0,111
2,199;6,971E−2
2,232;0,163
2,265;5,359E−2
2,299;7,251E−2
2,332;0,140
2,365;6,328E−2
2,399;9,247E−2
2,432;6,794E−2
2,465;5,831E−2
2,499;8,772E−2
2,532;5,158E−2
2,565;6,514E−2
2,598;4,853E−2
2,632;7,507E−2
2,665;5,726E−2
2,698;0,126
2,732;8,876E−2
2,765;0,120
2,798;4,173E−2
2,832;7,039E−2
2,865;7,925E−2
2,898;7,868E−2
2,932;5,941E−2
2,965;6,891E−2
2,998;7,273E−2
3,032;5,945E−2
3,065;8,746E−2
3,098;0,108
3,131;7,539E−2
3,165;9,114E−2
3,198;9,240E−2
3,231;8,271E−2
3,265;8,998E−2
3,298;7,240E−2
3,331;7,704E−2
3,365;4,948E−2
3,398;8,856E−2
3,431;4,972E−2
3,465;5,721E−2
3,498;5,994E−2
3,531;8,979E−2
3,565;7,580E−2
3,598;6,654E−2
3,631;7,631E−2
3,664;7,970E−2
3,698;6,675E−2
3,731;8,217E−2
3,764;6,017E−2
3,798;6,203E−2
3,831;6,727E−2
3,864;7,446E−2
3,898;9,434E−2
3,931;4,993E−2
3,964;6,956E−2
3,998;8,222E−2
4,031;6,294E−2
4,064;7,534E−2
4,098;0,132
4,131;8,335E−2
4,164;9,427E−2
4,198;8,388E−2
4,231;9,215E−2
4,264;0,103
4,297;0,101
4,331;7,647E−2
4,364;8,467E−2
4,397;7,647E−2
4,431;0,107
4,464;0,124
4,497;6,719E−2
4,531;8,682E−2
4,564;8,814E−2
4,597;0,105
4,631;8,049E−2
4,664;8,565E−2
4,697;3,942E−2
4,731;8,475E−2
4,764;5,044E−2
4,797;4,876E−2
4,830;5,916E−2
4,864;5,924E−2
4,897;5,389E−2
4,930;8,305E−2
4,964;4,123E−2
4,997;5,119E−2
5,030;6,246E−2
5,064;4,731E−2
5,097;3,506E−2
5,130;9,358E−2
5,164;6,366E−2
5,197;4,950E−2
5,230;7,449E−2
5,264;5,458E−2
5,297;4,811E−2
5,330;5,929E−2
5,363;4,589E−2
5,397;5,896E−2
5,430;6,508E−2
5,463;8,549E−2
5,497;5,711E−2
5,530;5,526E−2
5,563;5,665E−2
5,597;0,115
5,630;0,109
5,663;7,016E−2
5,697;9,459E−2
5,730;7,400E−2
5,763;5,985E−2
5,797;6,745E−2
5,830;8,967E−2
5,863;7,096E−2
5,896;7,670E−2
5,930;6,847E−2
5,963;8,326E−2
5,996;6,013E−2
6,030;8,720E−2
6,063;4,940E−2
6,096;4,825E−2
6,130;4,332E−2
6,163;5,151E−2
6,196;6,480E−2
6,230;6,674E−2
6,263;4,300E−2
6,296;9,982E−2
6,330;9,898E−2
6,363;6,298E−2
6,396;6,430E−2
6,430;8,242E−2
6,463;8,171E−2
6,496;0,126
6,529;7,203E−2
6,563;8,788E−2
6,596;0,103
6,629;7,475E−2
6,663;8,242E−2
6,696;0,152
6,729;0,106
6,763;0,106
6,796;6,432E−2
6,829;4,386E−2
6,863;0,187
6,896;7,000E−2
6,929;0,123
6,963;8,985E−2
6,996;0,101
7,029;2,572E−2
7,062;2,232E−2
7,096;0,108
7,129;3,486E−2
7,162;3,079E−2
7,196;8,116E−2
7,229;7,426E−2
7,262;0,128
7,296;9,369E−2
7,329;6,641E−2
7,362;0,144
7,396;0,122
7,429;8,192E−2
7,462;8,434E−2
7,496;7,207E−2
7,529;6,860E−2
7,562;6,351E−2
7,595;7,564E−2
7,629;6,486E−2
7,662;7,535E−2
7,695;7,037E−2
7,729;6,391E−2
7,762;6,109E−2
7,795;3,975E−2
7,829;5,578E−2
7,862;5,169E−2
7,895;7,386E−2
7,929;7,867E−2
7,962;5,969E−2
7,995;6,856E−2
8,029;0,107
8,062;4,360E−2
8,095;0,188
8,128;9,134E−2
8,162;9,336E−2
8,195;7,502E−2
8,228;8,781E−2
8,262;0,102
8,295;5,846E−2
8,328;3,825E−2
8,362;0,175
8,395;5,781E−2
8,428;7,335E−2
8,462;0,136
8,495;4,145E−2
8,528;4,607E−2
8,562;7,985E−2
8,595;3,670E−2
8,628;8,099E−2
8,662;0,132
8,695;0,179
8,728;0,143
8,761;0,124
8,795;8,484E−2
8,828;0,199
8,861;3,795E−2
8,895;0,127
8,928;5,806E−2
8,961;0,160
8,995;2,969E−2
9,028;0,126
9,061;0,297
9,095;3,717E−2
9,128;9,832E−2
9,161;8,135E−2
9,195;0,223
9,228;0,225
9,261;0,633
9,294;0,645
9,328;0,351
9,361;
